256     14520934    	20549658        20509329
512     28227013    	30991643        35873137
1024    55840702        50760922        53662560
2048    109645314       71081889        85179547
4096    217781288       94521653        143492004
8192    433267330       186093985       257715260
16384   864763594       373379812       490862997
32768   1744292291      437391640       941102950
65536   3480018045      1025239987      1854295111
131072  6968528373      1798748598      3739439107
262144  13836110556     4995016087      7494585697
524288  27681495896     8368154991      15815571594
1048576 56376717514     24019367932     33031733505
