32          1971144     4382841 2096341 2061559
64          4220697     9290022 4555003 4227154
128         8753868     16279084        9335478 8930276
256         17646813    30466535        18684561        18034133
512         34055948    34390282        22992034        20103258
1024    66869561        55029353        36390814        34094210
2048    132315264       76003126        52116567        50042458
4096    262503179       108791486       74025909        70246083
8192    523183702       200673749       143744253       139854260
16384   1050961357      388815872       289399512       284737764
32768   2109312811      542869514       382874990       362726057
65536   4173868841      1154840525      830191286       805005378
131072  8341352424      2104691801      1464094647      1387644429
262144  16772448503     5310045741      3752679572      3578618941
524288  33334350164     10116122506     6541686778      6082134777
1048576 67961685370     26053356810     18397478098     17853634549

